100
102
11
12
14
15
16
17
18
19
2
20
21
22
23
24
25
26
3
30
32
34
35
36
37
38
39
4
40
406
41
412
413
415
416
417
419
420
421
422
423
425
426
428
429
43
431
432
433
434
435
438
439
441
442
443
445
446
447
448
449
45
450
451
453
455
456
457
459
460
461
462
463
464
466
468
469
470
471
472
473
474
475
476
477
478
479
480
481
482
483
484
485
486
487
488
489
49
490
491
492
493
494
495
496
498
499
5
50
500
501
502
503
504
505
507
508
509
51
510
511
512
514
515
516
517
519
520
521
522
523
525
526
528
53
530
531
532
533
535
536
537
538
539
54
541
542
543
545
546
547
548
549
551
553
555
556
557
558
56
560
57
59
6
606
608
609
611
612
613
614
616
617
619
621
622
623
625
626
628
629
63
630
631
632
633
634
635
636
637
639
641
642
644
645
646
647
648
650
651
652
653
654
655
656
657
658
659
66
660
661
662
664
665
666
667
668
669
670
671
673
674
675
677
678
679
68
680
681
682
683
684
686
687
688
690
691
692
693
694
695
696
698
699
7
70
700
701
702
704
705
707
708
711
712
713
714
715
716
717
718
719
721
722
723
724
725
726
727
728
729
730
731
732
733
735
736
737
738
739
740
741
742
743
744
746
748
749
75
750
751
753
754
756
758
760
761
762
765
767
778
78
781
789
792
796
8
80
83
88
9
98
